<<<<<<< HEAD
  11       11       11
12  12 5 12  12 5 12  12
  11       11       11
  5        5        5
  11       15       11
12  12   16  16   12  12
  11       15       11
  5        5        5
  11       11       11
12  12 5 12  12 5 12  12
=======
  11       11       11
12  12 5 12  12 5 12  12
  11       11       11
  5        5        5
  11       15       11
12  12   16  16   12  12
  11       15       11
  5        5        5
  11       11       11
12  12 5 12  12 5 12  12
>>>>>>> 2b2de77... None2
  11       11       11